0 0.205409 0.145285 0.292398 0.139254
0 0.191520 0.379934 0.369883 0.156798
0 0.752924 0.169408 0.302632 0.176535
0 0.759503 0.395833 0.336257 0.149123
0 0.441520 0.545504 0.194444 0.095395
0 0.233187 0.657895 0.178363 0.078947
0 0.443713 0.679825 0.163743 0.078947
0 0.628655 0.681469 0.168129 0.080044
0 0.870614 0.702851 0.239766 0.074561
0 0.673246 0.565789 0.192982 0.083333
0 0.891082 0.577303 0.204678 0.091009
1 0.179825 0.219846 0.045322 0.027412
1 0.571637 0.458333 0.045322 0.030702
1 0.698830 0.479167 0.048246 0.028509
1 0.868421 0.481908 0.057018 0.027412
1 0.361111 0.604715 0.059942 0.029605
1 0.444444 0.600877 0.045322 0.026316
1 0.649123 0.610197 0.033626 0.027412
1 0.886696 0.629386 0.049708 0.028509
