15 0.532895 0.068531 0.359649 0.073465
15 0.369152 0.194627 0.274854 0.073465
15 0.127193 0.315789 0.200292 0.085526
15 0.247807 0.485746 0.248538 0.074561
15 0.620614 0.488487 0.190058 0.064693
15 0.415205 0.324561 0.229532 0.076754
15 0.712719 0.326206 0.210526 0.073465
15 0.709795 0.198465 0.210526 0.072368
16 0.283626 0.239035 0.077485 0.030702
16 0.407895 0.234101 0.051170 0.027412
16 0.510965 0.241228 0.052632 0.043860
16 0.478070 0.114035 0.054094 0.032895
16 0.640351 0.111842 0.071637 0.032895
